w
0.0,-10.0,20.0,10.5,10.5,0.0,0.0
w
0.0,10.0,20.0,10.5,10.5,0.0,0.0
w
-10.0,0.0,20.0,10.5,10.5,0.0,90.0
w
10.0,0.0,20.0,10.5,10.5,0.0,90.0
w
0.0,-10.0,40.0,10.5,10.5,0.0,0.0
w
0.0,10.0,40.0,10.5,10.5,0.0,0.0
w
0.0,0.0,50.0,10.5,10.5,90.0,0.0
w
-10.0,0.0,40.0,10.5,10.5,0.0,90.0
w
10.0,0.0,40.0,10.5,10.5,0.0,90.0
w
0.0,-10.0,60.0,10.5,10.5,0.0,0.0
w
0.0,10.0,60.0,10.5,10.5,0.0,0.0
w
-10.0,0.0,60.0,10.5,10.5,0.0,90.0
w
10.0,0.0,60.0,10.5,10.5,0.0,90.0
w
0.0,-10.0,80.0,10.5,10.5,0.0,0.0
w
0.0,10.0,80.0,10.5,10.5,0.0,0.0
w
-10.0,0.0,80.0,10.5,10.5,0.0,90.0
w
10.0,0.0,80.0,10.5,10.5,0.0,90.0
w
0.0,-8.166054618207554,99.83039390546493,10.0,10.0,10.567544850987819,0.0
w
0.0,-6.332109236415108,119.66078781092988,10.5,10.5,0.0,0.0
w
0.0,13.667890763584893,119.66078781092988,10.5,10.5,0.0,0.0
w
-10.0,3.667890763584892,119.66078781092988,10.5,10.5,0.0,90.0
w
10.0,3.667890763584892,119.66078781092988,10.5,10.5,0.0,90.0
w
0.0,-6.332109236415108,139.6607878109299,10.5,10.5,0.0,0.0
w
0.0,13.667890763584893,139.6607878109299,10.5,10.5,0.0,0.0
w
-10.0,3.667890763584892,139.6607878109299,10.5,10.5,0.0,90.0
w
10.0,3.667890763584892,139.6607878109299,10.5,10.5,0.0,90.0
w
0.0,-6.332109236415108,159.6607878109299,10.5,10.5,0.0,0.0
w
0.0,13.667890763584893,159.6607878109299,10.5,10.5,0.0,0.0
w
-10.0,3.667890763584892,159.6607878109299,10.5,10.5,0.0,90.0
w
10.0,3.667890763584892,159.6607878109299,10.5,10.5,0.0,90.0
w
0.0,-6.332109236415108,179.6607878109299,10.5,10.5,0.0,0.0
w
0.0,13.667890763584893,179.6607878109299,10.5,10.5,0.0,0.0
w
-10.0,3.667890763584892,179.6607878109299,10.5,10.5,0.0,90.0
w
10.0,3.667890763584892,179.6607878109299,10.5,10.5,0.0,90.0
w
0.0,-6.332109236415108,199.6607878109299,10.5,10.5,0.0,0.0
w
0.0,13.667890763584893,199.6607878109299,10.5,10.5,0.0,0.0
w
-10.0,3.667890763584892,199.6607878109299,10.5,10.5,0.0,90.0
w
10.0,3.667890763584892,199.6607878109299,10.5,10.5,0.0,90.0
w
0.0,-6.332109236415108,219.6607878109299,10.5,10.5,0.0,0.0
w
0.0,13.667890763584893,219.6607878109299,10.5,10.5,0.0,0.0
w
-10.0,3.667890763584892,219.6607878109299,10.5,10.5,0.0,90.0
w
10.0,3.667890763584892,219.6607878109299,10.5,10.5,0.0,90.0
w
0.0,-5.895976416778252,239.65127269223748,10.0,10.0,2.4996498530375417,0.0
w
0.0,-5.459843597141397,259.6417575735451,10.5,10.5,0.0,0.0
w
0.0,14.540156402858603,259.6417575735451,10.5,10.5,0.0,0.0
w
-10.0,4.540156402858603,259.6417575735451,10.5,10.5,0.0,90.0
w
10.0,4.540156402858603,259.6417575735451,10.5,10.5,0.0,90.0
w
0.0,-5.459843597141397,279.6417575735451,10.5,10.5,0.0,0.0
w
0.0,14.540156402858603,279.6417575735451,10.5,10.5,0.0,0.0
w
-10.0,4.540156402858603,279.6417575735451,10.5,10.5,0.0,90.0
w
10.0,4.540156402858603,279.6417575735451,10.5,10.5,0.0,90.0
w
0.0,-5.459843597141397,299.6417575735451,10.5,10.5,0.0,0.0
w
0.0,14.540156402858603,299.6417575735451,10.5,10.5,0.0,0.0
w
-10.0,4.540156402858603,299.6417575735451,10.5,10.5,0.0,90.0
w
10.0,4.540156402858603,299.6417575735451,10.5,10.5,0.0,90.0
w
0.0,-5.459843597141397,319.6417575735451,10.5,10.5,0.0,0.0
w
0.0,14.540156402858603,319.6417575735451,10.5,10.5,0.0,0.0
w
-10.0,4.540156402858603,319.6417575735451,10.5,10.5,0.0,90.0
w
10.0,4.540156402858603,319.6417575735451,10.5,10.5,0.0,90.0
w
0.0,-3.1099504358369927,339.3617371069831,10.0,10.0,13.590992997469563,0.0
w
0.0,-0.7600572745325884,359.0817166404212,10.5,10.5,0.0,0.0
w
0.0,19.23994272546741,359.0817166404212,10.5,10.5,0.0,0.0
w
-10.0,9.239942725467412,359.0817166404212,10.5,10.5,0.0,90.0
w
10.0,9.239942725467412,359.0817166404212,10.5,10.5,0.0,90.0
w
0.0,-0.7600572745325884,379.0817166404212,10.5,10.5,0.0,0.0
w
0.0,19.23994272546741,379.0817166404212,10.5,10.5,0.0,0.0
w
-10.0,9.239942725467412,379.0817166404212,10.5,10.5,0.0,90.0
w
10.0,9.239942725467412,379.0817166404212,10.5,10.5,0.0,90.0
w
0.0,-0.7600572745325884,399.0817166404212,10.5,10.5,0.0,0.0
w
0.0,19.23994272546741,399.0817166404212,10.5,10.5,0.0,0.0
w
-10.0,9.239942725467412,399.0817166404212,10.5,10.5,0.0,90.0
w
10.0,9.239942725467412,399.0817166404212,10.5,10.5,0.0,90.0
w
0.0,-0.7600572745325884,419.0817166404212,10.5,10.5,0.0,0.0
w
0.0,19.23994272546741,419.0817166404212,10.5,10.5,0.0,0.0
w
-10.0,9.239942725467412,419.0817166404212,10.5,10.5,0.0,90.0
w
10.0,9.239942725467412,419.0817166404212,10.5,10.5,0.0,90.0
w
0.0,-0.7600572745325884,399.0817166404212,10.5,10.5,0.0,0.0
w
0.0,19.23994272546741,399.0817166404212,10.5,10.5,0.0,0.0
w
-10.0,9.239942725467412,399.0817166404212,10.5,10.5,0.0,90.0
w
10.0,9.239942725467412,399.0817166404212,10.5,10.5,0.0,90.0
w
0.0,-0.7600572745325884,379.0817166404212,10.5,10.5,0.0,0.0
w
0.0,19.23994272546741,379.0817166404212,10.5,10.5,0.0,0.0
w
-10.0,9.239942725467412,379.0817166404212,10.5,10.5,0.0,90.0
w
10.0,9.239942725467412,379.0817166404212,10.5,10.5,0.0,90.0
w
0.0,-0.7600572745325884,359.0817166404212,10.5,10.5,0.0,0.0
w
0.0,19.23994272546741,359.0817166404212,10.5,10.5,0.0,0.0
w
0.0,9.239942725467412,349.0817166404212,10.5,10.5,90.0,0.0
w
-10.0,9.239942725467412,359.0817166404212,10.5,10.5,0.0,90.0
w
10.0,9.239942725467412,359.0817166404212,10.5,10.5,0.0,90.0
w
0.0,-0.7600572745325884,339.0817166404212,10.5,10.5,0.0,0.0
w
0.0,19.23994272546741,339.0817166404212,10.5,10.5,0.0,0.0
w
-10.0,9.239942725467412,339.0817166404212,10.5,10.5,0.0,90.0
w
10.0,9.239942725467412,339.0817166404212,10.5,10.5,0.0,90.0
w
0.0,-0.7600572745325884,319.0817166404212,10.5,10.5,0.0,0.0
w
0.0,19.23994272546741,319.0817166404212,10.5,10.5,0.0,0.0
w
-10.0,9.239942725467412,319.0817166404212,10.5,10.5,0.0,90.0
w
10.0,9.239942725467412,319.0817166404212,10.5,10.5,0.0,90.0
w
0.0,-0.7600572745325884,299.0817166404212,10.5,10.5,0.0,0.0
w
0.0,19.23994272546741,299.0817166404212,10.5,10.5,0.0,0.0
w
-10.0,9.239942725467412,299.0817166404212,10.5,10.5,0.0,90.0
w
10.0,9.239942725467412,299.0817166404212,10.5,10.5,0.0,90.0
w
0.0,-0.7600572745325884,279.0817166404212,10.5,10.5,0.0,0.0
w
0.0,19.23994272546741,279.0817166404212,10.5,10.5,0.0,0.0
w
-10.0,9.239942725467412,279.0817166404212,10.5,10.5,0.0,90.0
w
10.0,9.239942725467412,279.0817166404212,10.5,10.5,0.0,90.0
w
0.0,-0.7600572745325884,259.0817166404212,10.5,10.5,0.0,0.0
w
0.0,19.23994272546741,259.0817166404212,10.5,10.5,0.0,0.0
w
-10.0,9.239942725467412,259.0817166404212,10.5,10.5,0.0,90.0
w
10.0,9.239942725467412,259.0817166404212,10.5,10.5,0.0,90.0
w
0.0,-0.7600572745325884,239.08171664042118,10.5,10.5,0.0,0.0
w
0.0,19.23994272546741,239.08171664042118,10.5,10.5,0.0,0.0
w
-10.0,9.239942725467412,239.08171664042118,10.5,10.5,0.0,90.0
w
10.0,9.239942725467412,239.08171664042118,10.5,10.5,0.0,90.0
w
0.0,-0.7600572745325884,219.08171664042118,10.5,10.5,0.0,0.0
w
0.0,19.23994272546741,219.08171664042118,10.5,10.5,0.0,0.0
w
-10.0,9.239942725467412,219.08171664042118,10.5,10.5,0.0,90.0
w
10.0,9.239942725467412,219.08171664042118,10.5,10.5,0.0,90.0
w
0.0,-0.7600572745325884,199.08171664042118,10.5,10.5,0.0,0.0
w
0.0,19.23994272546741,199.08171664042118,10.5,10.5,0.0,0.0
w
-10.0,9.239942725467412,199.08171664042118,10.5,10.5,0.0,90.0
w
10.0,9.239942725467412,199.08171664042118,10.5,10.5,0.0,90.0
w
0.0,-0.7600572745325884,179.08171664042118,10.5,10.5,0.0,0.0
w
0.0,19.23994272546741,179.08171664042118,10.5,10.5,0.0,0.0
w
-10.0,9.239942725467412,179.08171664042118,10.5,10.5,0.0,90.0
w
10.0,9.239942725467412,179.08171664042118,10.5,10.5,0.0,90.0
w
0.0,-0.7600572745325884,159.08171664042118,10.5,10.5,0.0,0.0
w
0.0,19.23994272546741,159.08171664042118,10.5,10.5,0.0,0.0
w
-10.0,9.239942725467412,159.08171664042118,10.5,10.5,0.0,90.0
w
10.0,9.239942725467412,159.08171664042118,10.5,10.5,0.0,90.0
w
0.0,-0.7600572745325884,139.08171664042118,10.5,10.5,0.0,0.0
w
0.0,19.23994272546741,139.08171664042118,10.5,10.5,0.0,0.0
w
0.0,9.239942725467412,129.08171664042118,10.5,10.5,90.0,0.0
w
-10.0,9.239942725467412,139.08171664042118,10.5,10.5,0.0,90.0
w
20.0,-0.7600572745325884,139.08171664042118,10.5,10.5,0.0,0.0
w
20.0,19.23994272546741,139.08171664042118,10.5,10.5,0.0,0.0
w
20.0,9.239942725467412,129.08171664042118,10.5,10.5,90.0,0.0
w
20.0,9.239942725467412,149.08171664042118,10.5,10.5,90.0,0.0
w
40.0,-0.7600572745325884,139.08171664042118,10.5,10.5,0.0,0.0
w
40.0,19.23994272546741,139.08171664042118,10.5,10.5,0.0,0.0
w
40.0,9.239942725467412,129.08171664042118,10.5,10.5,90.0,0.0
w
40.0,9.239942725467412,149.08171664042118,10.5,10.5,90.0,0.0
w
60.0,-0.7600572745325884,139.08171664042118,10.5,10.5,0.0,0.0
w
60.0,19.23994272546741,139.08171664042118,10.5,10.5,0.0,0.0
w
60.0,9.239942725467412,129.08171664042118,10.5,10.5,90.0,0.0
w
60.0,9.239942725467412,149.08171664042118,10.5,10.5,90.0,0.0
w
80.0,-0.7600572745325884,139.08171664042118,10.5,10.5,0.0,0.0
w
80.0,19.23994272546741,139.08171664042118,10.5,10.5,0.0,0.0
w
80.0,9.239942725467412,129.08171664042118,10.5,10.5,90.0,0.0
w
80.0,9.239942725467412,149.08171664042118,10.5,10.5,90.0,0.0
w
100.0,-0.7600572745325884,139.08171664042118,10.5,10.5,0.0,0.0
w
100.0,19.23994272546741,139.08171664042118,10.5,10.5,0.0,0.0
w
100.0,9.239942725467412,129.08171664042118,10.5,10.5,90.0,0.0
w
100.0,9.239942725467412,149.08171664042118,10.5,10.5,90.0,0.0
w
120.0,-0.7600572745325884,139.08171664042118,10.5,10.5,0.0,0.0
w
120.0,19.23994272546741,139.08171664042118,10.5,10.5,0.0,0.0
w
120.0,9.239942725467412,129.08171664042118,10.5,10.5,90.0,0.0
w
120.0,9.239942725467412,149.08171664042118,10.5,10.5,90.0,0.0
w
140.0,-0.7600572745325884,139.08171664042118,10.5,10.5,0.0,0.0
w
140.0,19.23994272546741,139.08171664042118,10.5,10.5,0.0,0.0
w
140.0,9.239942725467412,129.08171664042118,10.5,10.5,90.0,0.0
w
140.0,9.239942725467412,149.08171664042118,10.5,10.5,90.0,0.0
w
160.0,-0.7600572745325884,139.08171664042118,10.5,10.5,0.0,0.0
w
160.0,19.23994272546741,139.08171664042118,10.5,10.5,0.0,0.0
w
160.0,9.239942725467412,129.08171664042118,10.5,10.5,90.0,0.0
w
160.0,9.239942725467412,149.08171664042118,10.5,10.5,90.0,0.0
w
180.0,-0.7600572745325884,139.08171664042118,10.5,10.5,0.0,0.0
w
180.0,19.23994272546741,139.08171664042118,10.5,10.5,0.0,0.0
w
180.0,9.239942725467412,129.08171664042118,10.5,10.5,90.0,0.0
w
180.0,9.239942725467412,149.08171664042118,10.5,10.5,90.0,0.0
w
200.0,-0.7600572745325884,139.08171664042118,10.5,10.5,0.0,0.0
w
200.0,19.23994272546741,139.08171664042118,10.5,10.5,0.0,0.0
w
200.0,9.239942725467412,129.08171664042118,10.5,10.5,90.0,0.0
w
200.0,9.239942725467412,149.08171664042118,10.5,10.5,90.0,0.0
w
220.0,-0.7600572745325884,139.08171664042118,10.5,10.5,0.0,0.0
w
220.0,19.23994272546741,139.08171664042118,10.5,10.5,0.0,0.0
w
220.0,9.239942725467412,129.08171664042118,10.5,10.5,90.0,0.0
w
220.0,9.239942725467412,149.08171664042118,10.5,10.5,90.0,0.0
w
240.0,-0.7600572745325884,139.08171664042118,10.5,10.5,0.0,0.0
w
240.0,19.23994272546741,139.08171664042118,10.5,10.5,0.0,0.0
w
240.0,9.239942725467412,129.08171664042118,10.5,10.5,90.0,0.0
w
240.0,9.239942725467412,149.08171664042118,10.5,10.5,90.0,0.0
w
260.0,-0.7600572745325884,139.08171664042118,10.5,10.5,0.0,0.0
w
260.0,19.23994272546741,139.08171664042118,10.5,10.5,0.0,0.0
w
260.0,9.239942725467412,129.08171664042118,10.5,10.5,90.0,0.0
w
260.0,9.239942725467412,149.08171664042118,10.5,10.5,90.0,0.0
w
280.0,-0.7600572745325884,139.08171664042118,10.5,10.5,0.0,0.0
w
280.0,19.23994272546741,139.08171664042118,10.5,10.5,0.0,0.0
w
280.0,9.239942725467412,129.08171664042118,10.5,10.5,90.0,0.0
w
280.0,9.239942725467412,149.08171664042118,10.5,10.5,90.0,0.0
w
300.0,-0.7600572745325884,139.08171664042118,10.5,10.5,0.0,0.0
w
300.0,19.23994272546741,139.08171664042118,10.5,10.5,0.0,0.0
w
300.0,9.239942725467412,149.08171664042118,10.5,10.5,90.0,0.0
w
310.0,9.239942725467412,139.08171664042118,10.5,10.5,0.0,90.0
w
300.0,-0.7600572745325884,119.08171664042118,10.5,10.5,0.0,0.0
w
300.0,19.23994272546741,119.08171664042118,10.5,10.5,0.0,0.0
w
290.0,9.239942725467412,119.08171664042118,10.5,10.5,0.0,90.0
w
310.0,9.239942725467412,119.08171664042118,10.5,10.5,0.0,90.0
w
300.0,-0.7600572745325884,99.08171664042118,10.5,10.5,0.0,0.0
w
300.0,19.23994272546741,99.08171664042118,10.5,10.5,0.0,0.0
w
290.0,9.239942725467412,99.08171664042118,10.5,10.5,0.0,90.0
w
310.0,9.239942725467412,99.08171664042118,10.5,10.5,0.0,90.0
w
300.0,-0.7600572745325884,79.08171664042118,10.5,10.5,0.0,0.0
w
300.0,19.23994272546741,79.08171664042118,10.5,10.5,0.0,0.0
w
290.0,9.239942725467412,79.08171664042118,10.5,10.5,0.0,90.0
w
310.0,9.239942725467412,79.08171664042118,10.5,10.5,0.0,90.0
w
300.0,-0.7600572745325884,59.08171664042118,10.5,10.5,0.0,0.0
w
300.0,19.23994272546741,59.08171664042118,10.5,10.5,0.0,0.0
w
300.0,9.239942725467412,49.08171664042118,10.5,10.5,90.0,0.0
w
310.0,9.239942725467412,59.08171664042118,10.5,10.5,0.0,90.0
w
280.0,-0.7600572745325884,59.08171664042118,10.5,10.5,0.0,0.0
w
280.0,19.23994272546741,59.08171664042118,10.5,10.5,0.0,0.0
w
280.0,9.239942725467412,49.08171664042118,10.5,10.5,90.0,0.0
w
280.0,9.239942725467412,69.08171664042118,10.5,10.5,90.0,0.0
w
260.0,-0.7600572745325884,59.08171664042118,10.5,10.5,0.0,0.0
w
260.0,19.23994272546741,59.08171664042118,10.5,10.5,0.0,0.0
w
260.0,9.239942725467412,49.08171664042118,10.5,10.5,90.0,0.0
w
260.0,9.239942725467412,69.08171664042118,10.5,10.5,90.0,0.0
w
240.0,-0.7600572745325884,59.08171664042118,10.5,10.5,0.0,0.0
w
240.0,19.23994272546741,59.08171664042118,10.5,10.5,0.0,0.0
w
240.0,9.239942725467412,49.08171664042118,10.5,10.5,90.0,0.0
w
240.0,9.239942725467412,69.08171664042118,10.5,10.5,90.0,0.0
w
220.0,-0.7600572745325884,59.08171664042118,10.5,10.5,0.0,0.0
w
220.0,19.23994272546741,59.08171664042118,10.5,10.5,0.0,0.0
w
220.0,9.239942725467412,49.08171664042118,10.5,10.5,90.0,0.0
w
220.0,9.239942725467412,69.08171664042118,10.5,10.5,90.0,0.0
w
200.0,-0.7600572745325884,59.08171664042118,10.5,10.5,0.0,0.0
w
200.0,19.23994272546741,59.08171664042118,10.5,10.5,0.0,0.0
w
200.0,9.239942725467412,69.08171664042118,10.5,10.5,90.0,0.0
w
190.0,9.239942725467412,59.08171664042118,10.5,10.5,0.0,90.0
w
200.0,-0.7600572745325884,39.08171664042118,10.5,10.5,0.0,0.0
w
200.0,19.23994272546741,39.08171664042118,10.5,10.5,0.0,0.0
w
190.0,9.239942725467412,39.08171664042118,10.5,10.5,0.0,90.0
w
210.0,9.239942725467412,39.08171664042118,10.5,10.5,0.0,90.0
w
200.0,-0.7600572745325884,19.081716640421178,10.5,10.5,0.0,0.0
w
200.0,19.23994272546741,19.081716640421178,10.5,10.5,0.0,0.0
w
190.0,9.239942725467412,19.081716640421178,10.5,10.5,0.0,90.0
w
210.0,9.239942725467412,19.081716640421178,10.5,10.5,0.0,90.0
w
200.0,-0.7600572745325884,-0.9182833595788225,10.5,10.5,0.0,0.0
w
200.0,19.23994272546741,-0.9182833595788225,10.5,10.5,0.0,0.0
w
190.0,9.239942725467412,-0.9182833595788225,10.5,10.5,0.0,90.0
w
210.0,9.239942725467412,-0.9182833595788225,10.5,10.5,0.0,90.0
w
200.0,-0.7600572745325884,-20.918283359578822,10.5,10.5,0.0,0.0
w
200.0,19.23994272546741,-20.918283359578822,10.5,10.5,0.0,0.0
w
190.0,9.239942725467412,-20.918283359578822,10.5,10.5,0.0,90.0
w
210.0,9.239942725467412,-20.918283359578822,10.5,10.5,0.0,90.0
w
200.0,-0.7600572745325884,-40.91828335957882,10.5,10.5,0.0,0.0
w
200.0,19.23994272546741,-40.91828335957882,10.5,10.5,0.0,0.0
w
190.0,9.239942725467412,-40.91828335957882,10.5,10.5,0.0,90.0
w
210.0,9.239942725467412,-40.91828335957882,10.5,10.5,0.0,90.0
w
200.0,-0.7600572745325884,-60.91828335957882,10.5,10.5,0.0,0.0
w
200.0,19.23994272546741,-60.91828335957882,10.5,10.5,0.0,0.0
w
190.0,9.239942725467412,-60.91828335957882,10.5,10.5,0.0,90.0
w
210.0,9.239942725467412,-60.91828335957882,10.5,10.5,0.0,90.0
w
200.0,-0.7600572745325884,-80.91828335957882,10.5,10.5,0.0,0.0
w
200.0,19.23994272546741,-80.91828335957882,10.5,10.5,0.0,0.0
w
190.0,9.239942725467412,-80.91828335957882,10.5,10.5,0.0,90.0
w
210.0,9.239942725467412,-80.91828335957882,10.5,10.5,0.0,90.0
w
200.0,-0.7600572745325884,-100.91828335957882,10.5,10.5,0.0,0.0
w
200.0,19.23994272546741,-100.91828335957882,10.5,10.5,0.0,0.0
w
190.0,9.239942725467412,-100.91828335957882,10.5,10.5,0.0,90.0
w
210.0,9.239942725467412,-100.91828335957882,10.5,10.5,0.0,90.0
w
200.0,-0.7600572745325884,-120.91828335957882,10.5,10.5,0.0,0.0
w
200.0,19.23994272546741,-120.91828335957882,10.5,10.5,0.0,0.0
w
190.0,9.239942725467412,-120.91828335957882,10.5,10.5,0.0,90.0
w
210.0,9.239942725467412,-120.91828335957882,10.5,10.5,0.0,90.0
w
200.0,-0.7600572745325884,-140.91828335957882,10.5,10.5,0.0,0.0
w
200.0,19.23994272546741,-140.91828335957882,10.5,10.5,0.0,0.0
w
190.0,9.239942725467412,-140.91828335957882,10.5,10.5,0.0,90.0
w
210.0,9.239942725467412,-140.91828335957882,10.5,10.5,0.0,90.0
w
200.0,-0.7600572745325884,-160.91828335957882,10.5,10.5,0.0,0.0
w
200.0,19.23994272546741,-160.91828335957882,10.5,10.5,0.0,0.0
w
190.0,9.239942725467412,-160.91828335957882,10.5,10.5,0.0,90.0
w
210.0,9.239942725467412,-160.91828335957882,10.5,10.5,0.0,90.0
w
200.0,-0.7600572745325884,-180.91828335957882,10.5,10.5,0.0,0.0
w
200.0,19.23994272546741,-180.91828335957882,10.5,10.5,0.0,0.0
w
190.0,9.239942725467412,-180.91828335957882,10.5,10.5,0.0,90.0
w
210.0,9.239942725467412,-180.91828335957882,10.5,10.5,0.0,90.0
w
200.0,-0.7600572745325884,-200.91828335957882,10.5,10.5,0.0,0.0
w
200.0,19.23994272546741,-200.91828335957882,10.5,10.5,0.0,0.0
w
190.0,9.239942725467412,-200.91828335957882,10.5,10.5,0.0,90.0
w
210.0,9.239942725467412,-200.91828335957882,10.5,10.5,0.0,90.0
w
200.0,-0.7600572745325884,-220.91828335957882,10.5,10.5,0.0,0.0
w
200.0,19.23994272546741,-220.91828335957882,10.5,10.5,0.0,0.0
w
190.0,9.239942725467412,-220.91828335957882,10.5,10.5,0.0,90.0
w
210.0,9.239942725467412,-220.91828335957882,10.5,10.5,0.0,90.0
w
200.0,-0.7600572745325884,-240.91828335957882,10.5,10.5,0.0,0.0
w
200.0,19.23994272546741,-240.91828335957882,10.5,10.5,0.0,0.0
w
190.0,9.239942725467412,-240.91828335957882,10.5,10.5,0.0,90.0
w
210.0,9.239942725467412,-240.91828335957882,10.5,10.5,0.0,90.0
w
200.0,-0.7600572745325884,-260.9182833595788,10.5,10.5,0.0,0.0
w
200.0,19.23994272546741,-260.9182833595788,10.5,10.5,0.0,0.0
w
190.0,9.239942725467412,-260.9182833595788,10.5,10.5,0.0,90.0
w
210.0,9.239942725467412,-260.9182833595788,10.5,10.5,0.0,90.0
w
200.0,-0.7600572745325884,-280.9182833595788,10.5,10.5,0.0,0.0
w
200.0,19.23994272546741,-280.9182833595788,10.5,10.5,0.0,0.0
w
190.0,9.239942725467412,-280.9182833595788,10.5,10.5,0.0,90.0
w
210.0,9.239942725467412,-280.9182833595788,10.5,10.5,0.0,90.0
w
200.0,-0.7600572745325884,-300.9182833595788,10.5,10.5,0.0,0.0
w
200.0,19.23994272546741,-300.9182833595788,10.5,10.5,0.0,0.0
w
190.0,9.239942725467412,-300.9182833595788,10.5,10.5,0.0,90.0
w
210.0,9.239942725467412,-300.9182833595788,10.5,10.5,0.0,90.0
w
200.0,-0.7600572745325884,-320.9182833595788,10.5,10.5,0.0,0.0
w
200.0,19.23994272546741,-320.9182833595788,10.5,10.5,0.0,0.0
w
190.0,9.239942725467412,-320.9182833595788,10.5,10.5,0.0,90.0
w
210.0,9.239942725467412,-320.9182833595788,10.5,10.5,0.0,90.0
w
200.0,-0.7600572745325884,-340.9182833595788,10.5,10.5,0.0,0.0
w
200.0,19.23994272546741,-340.9182833595788,10.5,10.5,0.0,0.0
w
190.0,9.239942725467412,-340.9182833595788,10.5,10.5,0.0,90.0
w
210.0,9.239942725467412,-340.9182833595788,10.5,10.5,0.0,90.0
w
200.0,-0.7600572745325884,-360.9182833595788,10.5,10.5,0.0,0.0
w
200.0,19.23994272546741,-360.9182833595788,10.5,10.5,0.0,0.0
w
190.0,9.239942725467412,-360.9182833595788,10.5,10.5,0.0,90.0
w
210.0,9.239942725467412,-360.9182833595788,10.5,10.5,0.0,90.0
w
200.0,-0.7600572745325884,-380.9182833595788,10.5,10.5,0.0,0.0
w
200.0,19.23994272546741,-380.9182833595788,10.5,10.5,0.0,0.0
w
190.0,9.239942725467412,-380.9182833595788,10.5,10.5,0.0,90.0
w
210.0,9.239942725467412,-380.9182833595788,10.5,10.5,0.0,90.0
w
200.0,-0.7600572745325884,-400.9182833595788,10.5,10.5,0.0,0.0
w
200.0,19.23994272546741,-400.9182833595788,10.5,10.5,0.0,0.0
w
190.0,9.239942725467412,-400.9182833595788,10.5,10.5,0.0,90.0
w
210.0,9.239942725467412,-400.9182833595788,10.5,10.5,0.0,90.0
w
200.0,-0.7600572745325884,-420.9182833595788,10.5,10.5,0.0,0.0
w
200.0,19.23994272546741,-420.9182833595788,10.5,10.5,0.0,0.0
w
190.0,9.239942725467412,-420.9182833595788,10.5,10.5,0.0,90.0
w
210.0,9.239942725467412,-420.9182833595788,10.5,10.5,0.0,90.0
w
200.0,-0.7600572745325884,-440.9182833595788,10.5,10.5,0.0,0.0
w
200.0,19.23994272546741,-440.9182833595788,10.5,10.5,0.0,0.0
w
190.0,9.239942725467412,-440.9182833595788,10.5,10.5,0.0,90.0
w
210.0,9.239942725467412,-440.9182833595788,10.5,10.5,0.0,90.0
w
200.0,-0.7600572745325884,-460.9182833595788,10.5,10.5,0.0,0.0
w
200.0,19.23994272546741,-460.9182833595788,10.5,10.5,0.0,0.0
w
200.0,9.239942725467412,-470.9182833595788,10.5,10.5,90.0,0.0
w
190.0,9.239942725467412,-460.9182833595788,10.5,10.5,0.0,90.0
w
220.0,-0.7600572745325884,-460.9182833595788,10.5,10.5,0.0,0.0
w
220.0,19.23994272546741,-460.9182833595788,10.5,10.5,0.0,0.0
w
220.0,9.239942725467412,-470.9182833595788,10.5,10.5,90.0,0.0
w
220.0,9.239942725467412,-450.9182833595788,10.5,10.5,90.0,0.0
w
240.0,-0.7600572745325884,-460.9182833595788,10.5,10.5,0.0,0.0
w
240.0,19.23994272546741,-460.9182833595788,10.5,10.5,0.0,0.0
w
240.0,9.239942725467412,-470.9182833595788,10.5,10.5,90.0,0.0
w
240.0,9.239942725467412,-450.9182833595788,10.5,10.5,90.0,0.0
w
260.0,-0.7600572745325884,-460.9182833595788,10.5,10.5,0.0,0.0
w
260.0,19.23994272546741,-460.9182833595788,10.5,10.5,0.0,0.0
w
260.0,9.239942725467412,-470.9182833595788,10.5,10.5,90.0,0.0
w
260.0,9.239942725467412,-450.9182833595788,10.5,10.5,90.0,0.0
w
280.0,-0.7600572745325884,-460.9182833595788,10.5,10.5,0.0,0.0
w
280.0,19.23994272546741,-460.9182833595788,10.5,10.5,0.0,0.0
w
280.0,9.239942725467412,-470.9182833595788,10.5,10.5,90.0,0.0
w
290.0,9.239942725467412,-460.9182833595788,10.5,10.5,0.0,90.0
w
280.0,-0.7600572745325884,-440.9182833595788,10.5,10.5,0.0,0.0
w
280.0,19.23994272546741,-440.9182833595788,10.5,10.5,0.0,0.0
w
270.0,9.239942725467412,-440.9182833595788,10.5,10.5,0.0,90.0
w
290.0,9.239942725467412,-440.9182833595788,10.5,10.5,0.0,90.0
w
280.0,0.37188497435930046,-420.9825545616912,10.0,10.0,6.499481643381189,0.0
w
280.0,1.5038272232511893,-401.04682576380355,10.5,10.5,0.0,0.0
w
280.0,21.50382722325119,-401.04682576380355,10.5,10.5,0.0,0.0
w
270.0,11.50382722325119,-401.04682576380355,10.5,10.5,0.0,90.0
w
290.0,11.50382722325119,-401.04682576380355,10.5,10.5,0.0,90.0
w
280.0,1.5038272232511893,-381.04682576380355,10.5,10.5,0.0,0.0
w
280.0,21.50382722325119,-381.04682576380355,10.5,10.5,0.0,0.0
w
270.0,11.50382722325119,-381.04682576380355,10.5,10.5,0.0,90.0
w
290.0,11.50382722325119,-381.04682576380355,10.5,10.5,0.0,90.0
w
280.0,6.206598981585863,-362.22163807237115,10.0,10.0,28.052290120431056,0.0
w
280.0,10.909370739920536,-343.39645038093875,10.5,10.5,0.0,0.0
w
280.0,30.909370739920536,-343.39645038093875,10.5,10.5,0.0,0.0
w
270.0,20.909370739920536,-343.39645038093875,10.5,10.5,0.0,90.0
w
290.0,20.909370739920536,-343.39645038093875,10.5,10.5,0.0,90.0
w
280.0,10.909370739920536,-323.39645038093875,10.5,10.5,0.0,0.0
w
280.0,30.909370739920536,-323.39645038093875,10.5,10.5,0.0,0.0
w
270.0,20.909370739920536,-323.39645038093875,10.5,10.5,0.0,90.0
w
290.0,20.909370739920536,-323.39645038093875,10.5,10.5,0.0,90.0
w
280.0,10.909370739920536,-303.39645038093875,10.5,10.5,0.0,0.0
w
280.0,30.909370739920536,-303.39645038093875,10.5,10.5,0.0,0.0
w
270.0,20.909370739920536,-303.39645038093875,10.5,10.5,0.0,90.0
w
290.0,20.909370739920536,-303.39645038093875,10.5,10.5,0.0,90.0
w
280.0,17.27197064927121,-285.6817033083815,10.0,10.0,39.51349840741655,0.0
w
280.0,23.63457055862189,-267.9669562358242,10.5,10.5,0.0,0.0
w
280.0,43.63457055862189,-267.9669562358242,10.5,10.5,0.0,0.0
w
270.0,33.63457055862189,-267.9669562358242,10.5,10.5,0.0,90.0
w
290.0,33.63457055862189,-267.9669562358242,10.5,10.5,0.0,90.0
w
280.0,23.63457055862189,-247.96695623582423,10.5,10.5,0.0,0.0
w
280.0,43.63457055862189,-247.96695623582423,10.5,10.5,0.0,0.0
w
270.0,33.63457055862189,-247.96695623582423,10.5,10.5,0.0,90.0
w
290.0,33.63457055862189,-247.96695623582423,10.5,10.5,0.0,90.0
w
280.0,23.63457055862189,-267.9669562358242,10.5,10.5,0.0,0.0
w
280.0,43.63457055862189,-267.9669562358242,10.5,10.5,0.0,0.0
w
270.0,33.63457055862189,-267.9669562358242,10.5,10.5,0.0,90.0
w
290.0,33.63457055862189,-267.9669562358242,10.5,10.5,0.0,90.0
w
280.0,23.63457055862189,-287.9669562358242,10.5,10.5,0.0,0.0
w
280.0,43.63457055862189,-287.9669562358242,10.5,10.5,0.0,0.0
w
270.0,33.63457055862189,-287.9669562358242,10.5,10.5,0.0,90.0
w
290.0,33.63457055862189,-287.9669562358242,10.5,10.5,0.0,90.0
w
280.0,23.63457055862189,-307.9669562358242,10.5,10.5,0.0,0.0
w
280.0,43.63457055862189,-307.9669562358242,10.5,10.5,0.0,0.0
w
270.0,33.63457055862189,-307.9669562358242,10.5,10.5,0.0,90.0
w
290.0,33.63457055862189,-307.9669562358242,10.5,10.5,0.0,90.0
w
280.0,23.63457055862189,-327.9669562358242,10.5,10.5,0.0,0.0
w
280.0,43.63457055862189,-327.9669562358242,10.5,10.5,0.0,0.0
w
270.0,33.63457055862189,-327.9669562358242,10.5,10.5,0.0,90.0
w
290.0,33.63457055862189,-327.9669562358242,10.5,10.5,0.0,90.0
w
280.0,23.63457055862189,-307.9669562358242,10.5,10.5,0.0,0.0
w
280.0,43.63457055862189,-307.9669562358242,10.5,10.5,0.0,0.0
w
270.0,33.63457055862189,-307.9669562358242,10.5,10.5,0.0,90.0
w
290.0,33.63457055862189,-307.9669562358242,10.5,10.5,0.0,90.0
w
280.0,23.63457055862189,-287.9669562358242,10.5,10.5,0.0,0.0
w
280.0,43.63457055862189,-287.9669562358242,10.5,10.5,0.0,0.0
w
270.0,33.63457055862189,-287.9669562358242,10.5,10.5,0.0,90.0
w
290.0,33.63457055862189,-287.9669562358242,10.5,10.5,0.0,90.0
w
280.0,27.939735454528076,-268.9411291147756,10.0,10.0,25.500342332312083,0.0
w
280.0,32.24490035043426,-249.91530199372696,10.5,10.5,0.0,0.0
w
280.0,52.24490035043426,-249.91530199372696,10.5,10.5,0.0,0.0
w
270.0,42.24490035043426,-249.91530199372696,10.5,10.5,0.0,90.0
w
290.0,42.24490035043426,-249.91530199372696,10.5,10.5,0.0,90.0
w
280.0,38.35889169938395,-232.00207826474215,10.0,10.0,37.690738425595555,0.0
w
280.0,44.47288304833364,-214.08885453575732,10.5,10.5,0.0,0.0
w
280.0,64.47288304833364,-214.08885453575732,10.5,10.5,0.0,0.0
w
270.0,54.47288304833364,-214.08885453575732,10.5,10.5,0.0,90.0
w
290.0,54.47288304833364,-214.08885453575732,10.5,10.5,0.0,90.0
w
280.0,44.47288304833364,-194.08885453575732,10.5,10.5,0.0,0.0
w
280.0,64.47288304833364,-194.08885453575732,10.5,10.5,0.0,0.0
w
280.0,54.47288304833364,-184.08885453575732,10.5,10.5,90.0,0.0
w
270.0,54.47288304833364,-194.08885453575732,10.5,10.5,0.0,90.0
w
290.0,54.47288304833364,-194.08885453575732,10.5,10.5,0.0,90.0
w
280.0,44.47288304833364,-174.08885453575732,10.5,10.5,0.0,0.0
w
280.0,64.47288304833364,-174.08885453575732,10.5,10.5,0.0,0.0
w
270.0,54.47288304833364,-174.08885453575732,10.5,10.5,0.0,90.0
w
290.0,54.47288304833364,-174.08885453575732,10.5,10.5,0.0,90.0
w
280.0,44.47288304833364,-154.08885453575732,10.5,10.5,0.0,0.0
w
280.0,64.47288304833364,-154.08885453575732,10.5,10.5,0.0,0.0
w
270.0,54.47288304833364,-154.08885453575732,10.5,10.5,0.0,90.0
w
290.0,54.47288304833364,-154.08885453575732,10.5,10.5,0.0,90.0
w
280.0,44.47288304833364,-134.08885453575732,10.5,10.5,0.0,0.0
w
280.0,64.47288304833364,-134.08885453575732,10.5,10.5,0.0,0.0
w
270.0,54.47288304833364,-134.08885453575732,10.5,10.5,0.0,90.0
w
290.0,54.47288304833364,-134.08885453575732,10.5,10.5,0.0,90.0
w
280.0,48.86764470895271,-115.10631202562396,10.0,10.0,26.07046325101961,0.0
w
280.0,53.26240636957178,-96.12376951549062,10.5,10.5,0.0,0.0
w
280.0,73.26240636957178,-96.12376951549062,10.5,10.5,0.0,0.0
w
270.0,63.26240636957178,-96.12376951549062,10.5,10.5,0.0,90.0
w
290.0,63.26240636957178,-96.12376951549062,10.5,10.5,0.0,90.0
w
280.0,53.26240636957178,-76.12376951549062,10.5,10.5,0.0,0.0
w
280.0,73.26240636957178,-76.12376951549062,10.5,10.5,0.0,0.0
w
270.0,63.26240636957178,-76.12376951549062,10.5,10.5,0.0,90.0
w
290.0,63.26240636957178,-76.12376951549062,10.5,10.5,0.0,90.0
w
280.0,53.26240636957178,-56.12376951549062,10.5,10.5,0.0,0.0
w
280.0,73.26240636957178,-56.12376951549062,10.5,10.5,0.0,0.0
w
270.0,63.26240636957178,-56.12376951549062,10.5,10.5,0.0,90.0
w
290.0,63.26240636957178,-56.12376951549062,10.5,10.5,0.0,90.0
w
280.0,55.9269651809294,-36.48529835348488,10.0,10.0,15.453479453204775,0.0
w
280.0,58.59152399228704,-16.84682719147913,10.5,10.5,0.0,0.0
w
280.0,78.59152399228704,-16.84682719147913,10.5,10.5,0.0,0.0
w
270.0,68.59152399228704,-16.84682719147913,10.5,10.5,0.0,90.0
w
290.0,68.59152399228704,-16.84682719147913,10.5,10.5,0.0,90.0
w
280.0,63.84680892141024,1.6609328141704474,10.0,10.0,31.703827952755944,0.0
w
280.0,69.10209385053345,20.168692819820023,10.5,10.5,0.0,0.0
w
280.0,89.10209385053345,20.168692819820023,10.5,10.5,0.0,0.0
w
270.0,79.10209385053345,20.168692819820023,10.5,10.5,0.0,90.0
w
290.0,79.10209385053345,20.168692819820023,10.5,10.5,0.0,90.0
w
280.0,69.10209385053345,40.16869281982002,10.5,10.5,0.0,0.0
w
280.0,89.10209385053345,40.16869281982002,10.5,10.5,0.0,0.0
w
270.0,79.10209385053345,40.16869281982002,10.5,10.5,0.0,90.0
w
290.0,79.10209385053345,40.16869281982002,10.5,10.5,0.0,90.0
w
280.0,71.92133343519573,59.76306034270934,10.0,10.0,16.375066177983925,0.0
w
280.0,74.74057301985802,79.35742786559865,10.5,10.5,0.0,0.0
w
280.0,94.74057301985802,79.35742786559865,10.5,10.5,0.0,0.0
w
270.0,84.74057301985802,79.35742786559865,10.5,10.5,0.0,90.0
w
290.0,84.74057301985802,79.35742786559865,10.5,10.5,0.0,90.0
w
280.0,74.74057301985802,99.35742786559865,10.5,10.5,0.0,0.0
w
280.0,94.74057301985802,99.35742786559865,10.5,10.5,0.0,0.0
w
270.0,84.74057301985802,99.35742786559865,10.5,10.5,0.0,90.0
w
290.0,84.74057301985802,99.35742786559865,10.5,10.5,0.0,90.0
w
280.0,74.74057301985802,119.35742786559865,10.5,10.5,0.0,0.0
w
280.0,94.74057301985802,119.35742786559865,10.5,10.5,0.0,0.0
w
270.0,84.74057301985802,119.35742786559865,10.5,10.5,0.0,90.0
w
290.0,84.74057301985802,119.35742786559865,10.5,10.5,0.0,90.0
w
280.0,78.94697126590081,138.42970507673414,10.0,10.0,24.874988879489713,0.0
w
280.0,83.15336951194362,157.5019822878696,10.5,10.5,0.0,0.0
w
280.0,103.15336951194362,157.5019822878696,10.5,10.5,0.0,0.0
w
270.0,93.15336951194362,157.5019822878696,10.5,10.5,0.0,90.0
w
290.0,93.15336951194362,157.5019822878696,10.5,10.5,0.0,90.0
w
280.0,83.15336951194362,177.5019822878696,10.5,10.5,0.0,0.0
w
280.0,103.15336951194362,177.5019822878696,10.5,10.5,0.0,0.0
w
270.0,93.15336951194362,177.5019822878696,10.5,10.5,0.0,90.0
w
290.0,93.15336951194362,177.5019822878696,10.5,10.5,0.0,90.0
w
280.0,83.15336951194362,157.5019822878696,10.5,10.5,0.0,0.0
w
280.0,103.15336951194362,157.5019822878696,10.5,10.5,0.0,0.0
w
270.0,93.15336951194362,157.5019822878696,10.5,10.5,0.0,90.0
w
290.0,93.15336951194362,157.5019822878696,10.5,10.5,0.0,90.0
w
280.0,83.15336951194362,137.5019822878696,10.5,10.5,0.0,0.0
w
280.0,103.15336951194362,137.5019822878696,10.5,10.5,0.0,0.0
w
270.0,93.15336951194362,137.5019822878696,10.5,10.5,0.0,90.0
w
290.0,93.15336951194362,137.5019822878696,10.5,10.5,0.0,90.0
w
280.0,83.15336951194362,117.5019822878696,10.5,10.5,0.0,0.0
w
280.0,103.15336951194362,117.5019822878696,10.5,10.5,0.0,0.0
w
270.0,93.15336951194362,117.5019822878696,10.5,10.5,0.0,90.0
w
290.0,93.15336951194362,117.5019822878696,10.5,10.5,0.0,90.0
w
280.0,83.15336951194362,97.5019822878696,10.5,10.5,0.0,0.0
w
280.0,103.15336951194362,97.5019822878696,10.5,10.5,0.0,0.0
w
270.0,93.15336951194362,97.5019822878696,10.5,10.5,0.0,90.0
w
290.0,93.15336951194362,97.5019822878696,10.5,10.5,0.0,90.0
w
280.0,83.15336951194362,77.5019822878696,10.5,10.5,0.0,0.0
w
280.0,103.15336951194362,77.5019822878696,10.5,10.5,0.0,0.0
w
270.0,93.15336951194362,77.5019822878696,10.5,10.5,0.0,90.0
w
290.0,93.15336951194362,77.5019822878696,10.5,10.5,0.0,90.0
w
280.0,83.15336951194362,57.501982287869595,10.5,10.5,0.0,0.0
w
280.0,103.15336951194362,57.501982287869595,10.5,10.5,0.0,0.0
w
270.0,93.15336951194362,57.501982287869595,10.5,10.5,0.0,90.0
w
290.0,93.15336951194362,57.501982287869595,10.5,10.5,0.0,90.0
w
280.0,83.15336951194362,37.501982287869595,10.5,10.5,0.0,0.0
w
280.0,103.15336951194362,37.501982287869595,10.5,10.5,0.0,0.0
w
270.0,93.15336951194362,37.501982287869595,10.5,10.5,0.0,90.0
w
290.0,93.15336951194362,37.501982287869595,10.5,10.5,0.0,90.0
w
280.0,83.15336951194362,17.501982287869595,10.5,10.5,0.0,0.0
w
280.0,103.15336951194362,17.501982287869595,10.5,10.5,0.0,0.0
w
270.0,93.15336951194362,17.501982287869595,10.5,10.5,0.0,90.0
w
290.0,93.15336951194362,17.501982287869595,10.5,10.5,0.0,90.0
w
280.0,83.15336951194362,-2.4980177121304052,10.5,10.5,0.0,0.0
w
280.0,103.15336951194362,-2.4980177121304052,10.5,10.5,0.0,0.0
w
270.0,93.15336951194362,-2.4980177121304052,10.5,10.5,0.0,90.0
w
290.0,93.15336951194362,-2.4980177121304052,10.5,10.5,0.0,90.0
w
280.0,83.15336951194362,-22.498017712130405,10.5,10.5,0.0,0.0
w
280.0,103.15336951194362,-22.498017712130405,10.5,10.5,0.0,0.0
w
270.0,93.15336951194362,-22.498017712130405,10.5,10.5,0.0,90.0
w
290.0,93.15336951194362,-22.498017712130405,10.5,10.5,0.0,90.0
w
280.0,83.15336951194362,-42.498017712130405,10.5,10.5,0.0,0.0
w
280.0,103.15336951194362,-42.498017712130405,10.5,10.5,0.0,0.0
w
270.0,93.15336951194362,-42.498017712130405,10.5,10.5,0.0,90.0
w
290.0,93.15336951194362,-42.498017712130405,10.5,10.5,0.0,90.0
w
280.0,83.15336951194362,-62.498017712130405,10.5,10.5,0.0,0.0
w
280.0,103.15336951194362,-62.498017712130405,10.5,10.5,0.0,0.0
w
270.0,93.15336951194362,-62.498017712130405,10.5,10.5,0.0,90.0
w
290.0,93.15336951194362,-62.498017712130405,10.5,10.5,0.0,90.0
w
280.0,83.15336951194362,-82.4980177121304,10.5,10.5,0.0,0.0
w
280.0,103.15336951194362,-82.4980177121304,10.5,10.5,0.0,0.0
w
270.0,93.15336951194362,-82.4980177121304,10.5,10.5,0.0,90.0
w
290.0,93.15336951194362,-82.4980177121304,10.5,10.5,0.0,90.0
w
280.0,83.15336951194362,-102.4980177121304,10.5,10.5,0.0,0.0
w
280.0,103.15336951194362,-102.4980177121304,10.5,10.5,0.0,0.0
w
280.0,93.15336951194362,-112.4980177121304,10.5,10.5,90.0,0.0
w
270.0,93.15336951194362,-102.4980177121304,10.5,10.5,0.0,90.0
w
300.0,83.15336951194362,-102.4980177121304,10.5,10.5,0.0,0.0
w
300.0,103.15336951194362,-102.4980177121304,10.5,10.5,0.0,0.0
w
300.0,93.15336951194362,-112.4980177121304,10.5,10.5,90.0,0.0
w
300.0,93.15336951194362,-92.4980177121304,10.5,10.5,90.0,0.0
w
320.0,83.15336951194362,-102.4980177121304,10.5,10.5,0.0,0.0
w
320.0,103.15336951194362,-102.4980177121304,10.5,10.5,0.0,0.0
w
320.0,93.15336951194362,-112.4980177121304,10.5,10.5,90.0,0.0
w
320.0,93.15336951194362,-92.4980177121304,10.5,10.5,90.0,0.0
w
340.0,83.15336951194362,-102.4980177121304,10.5,10.5,0.0,0.0
w
340.0,103.15336951194362,-102.4980177121304,10.5,10.5,0.0,0.0
w
340.0,93.15336951194362,-112.4980177121304,10.5,10.5,90.0,0.0
w
340.0,93.15336951194362,-92.4980177121304,10.5,10.5,90.0,0.0
w
360.0,83.15336951194362,-102.4980177121304,10.5,10.5,0.0,0.0
w
360.0,103.15336951194362,-102.4980177121304,10.5,10.5,0.0,0.0
w
360.0,93.15336951194362,-112.4980177121304,10.5,10.5,90.0,0.0
w
360.0,93.15336951194362,-92.4980177121304,10.5,10.5,90.0,0.0
w
380.0,83.15336951194362,-102.4980177121304,10.5,10.5,0.0,0.0
w
380.0,103.15336951194362,-102.4980177121304,10.5,10.5,0.0,0.0
w
380.0,93.15336951194362,-112.4980177121304,10.5,10.5,90.0,0.0
w
380.0,93.15336951194362,-92.4980177121304,10.5,10.5,90.0,0.0
w
400.0,83.15336951194362,-102.4980177121304,10.5,10.5,0.0,0.0
w
400.0,103.15336951194362,-102.4980177121304,10.5,10.5,0.0,0.0
w
400.0,93.15336951194362,-112.4980177121304,10.5,10.5,90.0,0.0
w
400.0,93.15336951194362,-92.4980177121304,10.5,10.5,90.0,0.0
w
420.0,83.15336951194362,-102.4980177121304,10.5,10.5,0.0,0.0
w
420.0,103.15336951194362,-102.4980177121304,10.5,10.5,0.0,0.0
w
420.0,93.15336951194362,-112.4980177121304,10.5,10.5,90.0,0.0
w
420.0,93.15336951194362,-92.4980177121304,10.5,10.5,90.0,0.0
w
440.0,83.15336951194362,-102.4980177121304,10.5,10.5,0.0,0.0
w
440.0,103.15336951194362,-102.4980177121304,10.5,10.5,0.0,0.0
w
440.0,93.15336951194362,-112.4980177121304,10.5,10.5,90.0,0.0
w
440.0,93.15336951194362,-92.4980177121304,10.5,10.5,90.0,0.0
w
460.0,83.15336951194362,-102.4980177121304,10.5,10.5,0.0,0.0
w
460.0,103.15336951194362,-102.4980177121304,10.5,10.5,0.0,0.0
w
460.0,93.15336951194362,-92.4980177121304,10.5,10.5,90.0,0.0
w
470.0,93.15336951194362,-102.4980177121304,10.5,10.5,0.0,90.0
w
460.0,83.15336951194362,-122.4980177121304,10.5,10.5,0.0,0.0
w
460.0,103.15336951194362,-122.4980177121304,10.5,10.5,0.0,0.0
w
450.0,93.15336951194362,-122.4980177121304,10.5,10.5,0.0,90.0
w
470.0,93.15336951194362,-122.4980177121304,10.5,10.5,0.0,90.0
w
460.0,83.15336951194362,-142.4980177121304,10.5,10.5,0.0,0.0
w
460.0,103.15336951194362,-142.4980177121304,10.5,10.5,0.0,0.0
w
450.0,93.15336951194362,-142.4980177121304,10.5,10.5,0.0,90.0
w
470.0,93.15336951194362,-142.4980177121304,10.5,10.5,0.0,90.0
w
460.0,83.15336951194362,-162.4980177121304,10.5,10.5,0.0,0.0
w
460.0,103.15336951194362,-162.4980177121304,10.5,10.5,0.0,0.0
w
450.0,93.15336951194362,-162.4980177121304,10.5,10.5,0.0,90.0
w
470.0,93.15336951194362,-162.4980177121304,10.5,10.5,0.0,90.0
w
460.0,83.15336951194362,-182.4980177121304,10.5,10.5,0.0,0.0
w
460.0,103.15336951194362,-182.4980177121304,10.5,10.5,0.0,0.0
w
450.0,93.15336951194362,-182.4980177121304,10.5,10.5,0.0,90.0
w
470.0,93.15336951194362,-182.4980177121304,10.5,10.5,0.0,90.0
w
460.0,83.15336951194362,-202.4980177121304,10.5,10.5,0.0,0.0
w
460.0,103.15336951194362,-202.4980177121304,10.5,10.5,0.0,0.0
w
450.0,93.15336951194362,-202.4980177121304,10.5,10.5,0.0,90.0
w
470.0,93.15336951194362,-202.4980177121304,10.5,10.5,0.0,90.0
w
460.0,83.15336951194362,-222.4980177121304,10.5,10.5,0.0,0.0
w
460.0,103.15336951194362,-222.4980177121304,10.5,10.5,0.0,0.0
w
450.0,93.15336951194362,-222.4980177121304,10.5,10.5,0.0,90.0
w
470.0,93.15336951194362,-222.4980177121304,10.5,10.5,0.0,90.0
w
460.0,83.15336951194362,-242.4980177121304,10.5,10.5,0.0,0.0
w
460.0,103.15336951194362,-242.4980177121304,10.5,10.5,0.0,0.0
w
450.0,93.15336951194362,-242.4980177121304,10.5,10.5,0.0,90.0
w
470.0,93.15336951194362,-242.4980177121304,10.5,10.5,0.0,90.0
w
460.0,83.15336951194362,-262.4980177121304,10.5,10.5,0.0,0.0
w
460.0,103.15336951194362,-262.4980177121304,10.5,10.5,0.0,0.0
w
450.0,93.15336951194362,-262.4980177121304,10.5,10.5,0.0,90.0
w
470.0,93.15336951194362,-262.4980177121304,10.5,10.5,0.0,90.0
w
460.0,83.15336951194362,-282.4980177121304,10.5,10.5,0.0,0.0
w
460.0,103.15336951194362,-282.4980177121304,10.5,10.5,0.0,0.0
w
450.0,93.15336951194362,-282.4980177121304,10.5,10.5,0.0,90.0
w
470.0,93.15336951194362,-282.4980177121304,10.5,10.5,0.0,90.0
w
460.0,83.15336951194362,-302.4980177121304,10.5,10.5,0.0,0.0
w
460.0,103.15336951194362,-302.4980177121304,10.5,10.5,0.0,0.0
w
450.0,93.15336951194362,-302.4980177121304,10.5,10.5,0.0,90.0
w
470.0,93.15336951194362,-302.4980177121304,10.5,10.5,0.0,90.0
w
460.0,83.15336951194362,-322.4980177121304,10.5,10.5,0.0,0.0
w
460.0,103.15336951194362,-322.4980177121304,10.5,10.5,0.0,0.0
w
450.0,93.15336951194362,-322.4980177121304,10.5,10.5,0.0,90.0
w
470.0,93.15336951194362,-322.4980177121304,10.5,10.5,0.0,90.0
w
460.0,83.15336951194362,-342.4980177121304,10.5,10.5,0.0,0.0
w
460.0,103.15336951194362,-342.4980177121304,10.5,10.5,0.0,0.0
w
450.0,93.15336951194362,-342.4980177121304,10.5,10.5,0.0,90.0
w
470.0,93.15336951194362,-342.4980177121304,10.5,10.5,0.0,90.0
w
460.0,83.15336951194362,-362.4980177121304,10.5,10.5,0.0,0.0
w
460.0,103.15336951194362,-362.4980177121304,10.5,10.5,0.0,0.0
w
450.0,93.15336951194362,-362.4980177121304,10.5,10.5,0.0,90.0
w
470.0,93.15336951194362,-362.4980177121304,10.5,10.5,0.0,90.0
w
460.0,83.15336951194362,-382.4980177121304,10.5,10.5,0.0,0.0
w
460.0,103.15336951194362,-382.4980177121304,10.5,10.5,0.0,0.0
w
450.0,93.15336951194362,-382.4980177121304,10.5,10.5,0.0,90.0
w
470.0,93.15336951194362,-382.4980177121304,10.5,10.5,0.0,90.0
w
460.0,83.15336951194362,-402.4980177121304,10.5,10.5,0.0,0.0
w
460.0,103.15336951194362,-402.4980177121304,10.5,10.5,0.0,0.0
w
450.0,93.15336951194362,-402.4980177121304,10.5,10.5,0.0,90.0
w
470.0,93.15336951194362,-402.4980177121304,10.5,10.5,0.0,90.0
w
460.0,83.15336951194362,-422.4980177121304,10.5,10.5,0.0,0.0
w
460.0,103.15336951194362,-422.4980177121304,10.5,10.5,0.0,0.0
w
450.0,93.15336951194362,-422.4980177121304,10.5,10.5,0.0,90.0
w
470.0,93.15336951194362,-422.4980177121304,10.5,10.5,0.0,90.0
w
460.0,83.15336951194362,-442.4980177121304,10.5,10.5,0.0,0.0
w
460.0,103.15336951194362,-442.4980177121304,10.5,10.5,0.0,0.0
w
450.0,93.15336951194362,-442.4980177121304,10.5,10.5,0.0,90.0
w
470.0,93.15336951194362,-442.4980177121304,10.5,10.5,0.0,90.0
w
460.0,83.15336951194362,-462.4980177121304,10.5,10.5,0.0,0.0
w
460.0,103.15336951194362,-462.4980177121304,10.5,10.5,0.0,0.0
w
450.0,93.15336951194362,-462.4980177121304,10.5,10.5,0.0,90.0
w
470.0,93.15336951194362,-462.4980177121304,10.5,10.5,0.0,90.0
w
460.0,83.15336951194362,-482.4980177121304,10.5,10.5,0.0,0.0
w
460.0,103.15336951194362,-482.4980177121304,10.5,10.5,0.0,0.0
w
450.0,93.15336951194362,-482.4980177121304,10.5,10.5,0.0,90.0
w
470.0,93.15336951194362,-482.4980177121304,10.5,10.5,0.0,90.0
w
460.0,83.15336951194362,-502.4980177121304,10.5,10.5,0.0,0.0
w
460.0,103.15336951194362,-502.4980177121304,10.5,10.5,0.0,0.0
w
450.0,93.15336951194362,-502.4980177121304,10.5,10.5,0.0,90.0
w
470.0,93.15336951194362,-502.4980177121304,10.5,10.5,0.0,90.0
w
460.0,83.15336951194362,-522.4980177121304,10.5,10.5,0.0,0.0
w
460.0,103.15336951194362,-522.4980177121304,10.5,10.5,0.0,0.0
w
450.0,93.15336951194362,-522.4980177121304,10.5,10.5,0.0,90.0
w
470.0,93.15336951194362,-522.4980177121304,10.5,10.5,0.0,90.0
w
460.0,83.15336951194362,-542.4980177121304,10.5,10.5,0.0,0.0
w
460.0,103.15336951194362,-542.4980177121304,10.5,10.5,0.0,0.0
w
450.0,93.15336951194362,-542.4980177121304,10.5,10.5,0.0,90.0
w
470.0,93.15336951194362,-542.4980177121304,10.5,10.5,0.0,90.0
w
460.0,83.15336951194362,-562.4980177121304,10.5,10.5,0.0,0.0
w
460.0,103.15336951194362,-562.4980177121304,10.5,10.5,0.0,0.0
w
450.0,93.15336951194362,-562.4980177121304,10.5,10.5,0.0,90.0
w
470.0,93.15336951194362,-562.4980177121304,10.5,10.5,0.0,90.0
w
460.0,83.15336951194362,-582.4980177121304,10.5,10.5,0.0,0.0
w
460.0,103.15336951194362,-582.4980177121304,10.5,10.5,0.0,0.0
w
450.0,93.15336951194362,-582.4980177121304,10.5,10.5,0.0,90.0
w
470.0,93.15336951194362,-582.4980177121304,10.5,10.5,0.0,90.0
w
460.0,83.15336951194362,-602.4980177121304,10.5,10.5,0.0,0.0
w
460.0,103.15336951194362,-602.4980177121304,10.5,10.5,0.0,0.0
w
450.0,93.15336951194362,-602.4980177121304,10.5,10.5,0.0,90.0
w
470.0,93.15336951194362,-602.4980177121304,10.5,10.5,0.0,90.0
w
460.0,83.15336951194362,-622.4980177121304,10.5,10.5,0.0,0.0
w
460.0,103.15336951194362,-622.4980177121304,10.5,10.5,0.0,0.0
w
450.0,93.15336951194362,-622.4980177121304,10.5,10.5,0.0,90.0
w
470.0,93.15336951194362,-622.4980177121304,10.5,10.5,0.0,90.0
w
460.0,83.15336951194362,-642.4980177121304,10.5,10.5,0.0,0.0
w
460.0,103.15336951194362,-642.4980177121304,10.5,10.5,0.0,0.0
w
450.0,93.15336951194362,-642.4980177121304,10.5,10.5,0.0,90.0
w
470.0,93.15336951194362,-642.4980177121304,10.5,10.5,0.0,90.0
w
460.0,83.15336951194362,-662.4980177121304,10.5,10.5,0.0,0.0
w
460.0,103.15336951194362,-662.4980177121304,10.5,10.5,0.0,0.0
w
450.0,93.15336951194362,-662.4980177121304,10.5,10.5,0.0,90.0
w
470.0,93.15336951194362,-662.4980177121304,10.5,10.5,0.0,90.0
w
460.0,83.15336951194362,-682.4980177121304,10.5,10.5,0.0,0.0
w
460.0,103.15336951194362,-682.4980177121304,10.5,10.5,0.0,0.0
w
450.0,93.15336951194362,-682.4980177121304,10.5,10.5,0.0,90.0
w
470.0,93.15336951194362,-682.4980177121304,10.5,10.5,0.0,90.0
w
460.0,83.15336951194362,-702.4980177121304,10.5,10.5,0.0,0.0
w
460.0,103.15336951194362,-702.4980177121304,10.5,10.5,0.0,0.0
w
450.0,93.15336951194362,-702.4980177121304,10.5,10.5,0.0,90.0
w
470.0,93.15336951194362,-702.4980177121304,10.5,10.5,0.0,90.0
w
460.0,83.15336951194362,-722.4980177121304,10.5,10.5,0.0,0.0
w
460.0,103.15336951194362,-722.4980177121304,10.5,10.5,0.0,0.0
w
450.0,93.15336951194362,-722.4980177121304,10.5,10.5,0.0,90.0
w
470.0,93.15336951194362,-722.4980177121304,10.5,10.5,0.0,90.0
w
460.0,83.15336951194362,-742.4980177121304,10.5,10.5,0.0,0.0
w
460.0,103.15336951194362,-742.4980177121304,10.5,10.5,0.0,0.0
w
450.0,93.15336951194362,-742.4980177121304,10.5,10.5,0.0,90.0
w
470.0,93.15336951194362,-742.4980177121304,10.5,10.5,0.0,90.0
w
460.0,83.15336951194362,-762.4980177121304,10.5,10.5,0.0,0.0
w
460.0,103.15336951194362,-762.4980177121304,10.5,10.5,0.0,0.0
w
450.0,93.15336951194362,-762.4980177121304,10.5,10.5,0.0,90.0
w
470.0,93.15336951194362,-762.4980177121304,10.5,10.5,0.0,90.0
w
460.0,83.15336951194362,-782.4980177121304,10.5,10.5,0.0,0.0
w
460.0,103.15336951194362,-782.4980177121304,10.5,10.5,0.0,0.0
w
450.0,93.15336951194362,-782.4980177121304,10.5,10.5,0.0,90.0
w
470.0,93.15336951194362,-782.4980177121304,10.5,10.5,0.0,90.0
w
460.0,83.15336951194362,-802.4980177121304,10.5,10.5,0.0,0.0
w
460.0,103.15336951194362,-802.4980177121304,10.5,10.5,0.0,0.0
w
450.0,93.15336951194362,-802.4980177121304,10.5,10.5,0.0,90.0
w
470.0,93.15336951194362,-802.4980177121304,10.5,10.5,0.0,90.0
w
460.0,83.15336951194362,-822.4980177121304,10.5,10.5,0.0,0.0
w
460.0,103.15336951194362,-822.4980177121304,10.5,10.5,0.0,0.0
w
450.0,93.15336951194362,-822.4980177121304,10.5,10.5,0.0,90.0
w
470.0,93.15336951194362,-822.4980177121304,10.5,10.5,0.0,90.0
w
460.0,83.15336951194362,-842.4980177121304,10.5,10.5,0.0,0.0
w
460.0,103.15336951194362,-842.4980177121304,10.5,10.5,0.0,0.0
w
450.0,93.15336951194362,-842.4980177121304,10.5,10.5,0.0,90.0
w
470.0,93.15336951194362,-842.4980177121304,10.5,10.5,0.0,90.0
w
460.0,83.15336951194362,-862.4980177121304,10.5,10.5,0.0,0.0
w
460.0,103.15336951194362,-862.4980177121304,10.5,10.5,0.0,0.0
w
460.0,93.15336951194362,-872.4980177121304,10.5,10.5,90.0,0.0
w
450.0,93.15336951194362,-862.4980177121304,10.5,10.5,0.0,90.0
w
470.0,93.15336951194362,-862.4980177121304,10.5,10.5,0.0,90.0
w
460.0,83.15336951194362,-882.4980177121304,10.5,10.5,0.0,0.0
w
460.0,103.15336951194362,-882.4980177121304,10.5,10.5,0.0,0.0
w
450.0,93.15336951194362,-882.4980177121304,10.5,10.5,0.0,90.0
w
470.0,93.15336951194362,-882.4980177121304,10.5,10.5,0.0,90.0
w
460.0,83.15336951194362,-902.4980177121304,10.5,10.5,0.0,0.0
w
460.0,103.15336951194362,-902.4980177121304,10.5,10.5,0.0,0.0
w
450.0,93.15336951194362,-902.4980177121304,10.5,10.5,0.0,90.0
w
470.0,93.15336951194362,-902.4980177121304,10.5,10.5,0.0,90.0
w
460.0,83.15336951194362,-922.4980177121304,10.5,10.5,0.0,0.0
w
460.0,103.15336951194362,-922.4980177121304,10.5,10.5,0.0,0.0
w
450.0,93.15336951194362,-922.4980177121304,10.5,10.5,0.0,90.0
w
470.0,93.15336951194362,-922.4980177121304,10.5,10.5,0.0,90.0
w
460.0,83.15336951194362,-942.4980177121304,10.5,10.5,0.0,0.0
w
460.0,103.15336951194362,-942.4980177121304,10.5,10.5,0.0,0.0
w
450.0,93.15336951194362,-942.4980177121304,10.5,10.5,0.0,90.0
w
470.0,93.15336951194362,-942.4980177121304,10.5,10.5,0.0,90.0
w
460.0,83.15336951194362,-962.4980177121304,10.5,10.5,0.0,0.0
w
460.0,103.15336951194362,-962.4980177121304,10.5,10.5,0.0,0.0
w
450.0,93.15336951194362,-962.4980177121304,10.5,10.5,0.0,90.0
w
470.0,93.15336951194362,-962.4980177121304,10.5,10.5,0.0,90.0
w
460.0,83.15336951194362,-982.4980177121304,10.5,10.5,0.0,0.0
w
460.0,103.15336951194362,-982.4980177121304,10.5,10.5,0.0,0.0
w
450.0,93.15336951194362,-982.4980177121304,10.5,10.5,0.0,90.0
w
470.0,93.15336951194362,-982.4980177121304,10.5,10.5,0.0,90.0
w
460.0,83.15336951194362,-1002.4980177121304,10.5,10.5,0.0,0.0
w
460.0,103.15336951194362,-1002.4980177121304,10.5,10.5,0.0,0.0
w
460.0,93.15336951194362,-1012.4980177121304,10.5,10.5,90.0,0.0
w
450.0,93.15336951194362,-1002.4980177121304,10.5,10.5,0.0,90.0
w
470.0,93.15336951194362,-1002.4980177121304,10.5,10.5,0.0,90.0
w
460.0,83.15336951194362,-1022.4980177121304,10.5,10.5,0.0,0.0
w
460.0,103.15336951194362,-1022.4980177121304,10.5,10.5,0.0,0.0
w
450.0,93.15336951194362,-1022.4980177121304,10.5,10.5,0.0,90.0
w
470.0,93.15336951194362,-1022.4980177121304,10.5,10.5,0.0,90.0
w
460.0,83.15336951194362,-1042.4980177121304,10.5,10.5,0.0,0.0
w
460.0,103.15336951194362,-1042.4980177121304,10.5,10.5,0.0,0.0
w
450.0,93.15336951194362,-1042.4980177121304,10.5,10.5,0.0,90.0
w
470.0,93.15336951194362,-1042.4980177121304,10.5,10.5,0.0,90.0
w
460.0,83.15336951194362,-1062.4980177121304,10.5,10.5,0.0,0.0
w
460.0,103.15336951194362,-1062.4980177121304,10.5,10.5,0.0,0.0
w
450.0,93.15336951194362,-1062.4980177121304,10.5,10.5,0.0,90.0
w
470.0,93.15336951194362,-1062.4980177121304,10.5,10.5,0.0,90.0
w
460.0,83.15336951194362,-1082.4980177121304,10.5,10.5,0.0,0.0
w
460.0,103.15336951194362,-1082.4980177121304,10.5,10.5,0.0,0.0
w
450.0,93.15336951194362,-1082.4980177121304,10.5,10.5,0.0,90.0
w
470.0,93.15336951194362,-1082.4980177121304,10.5,10.5,0.0,90.0
w
460.0,83.15336951194362,-1102.4980177121304,10.5,10.5,0.0,0.0
w
460.0,103.15336951194362,-1102.4980177121304,10.5,10.5,0.0,0.0
w
450.0,93.15336951194362,-1102.4980177121304,10.5,10.5,0.0,90.0
w
470.0,93.15336951194362,-1102.4980177121304,10.5,10.5,0.0,90.0
w
460.0,83.15336951194362,-1122.4980177121304,10.5,10.5,0.0,0.0
w
460.0,103.15336951194362,-1122.4980177121304,10.5,10.5,0.0,0.0
w
450.0,93.15336951194362,-1122.4980177121304,10.5,10.5,0.0,90.0
w
470.0,93.15336951194362,-1122.4980177121304,10.5,10.5,0.0,90.0
w
460.0,83.15336951194362,-1142.4980177121304,10.5,10.5,0.0,0.0
w
460.0,103.15336951194362,-1142.4980177121304,10.5,10.5,0.0,0.0
w
450.0,93.15336951194362,-1142.4980177121304,10.5,10.5,0.0,90.0
w
470.0,93.15336951194362,-1142.4980177121304,10.5,10.5,0.0,90.0
w
460.0,83.15336951194362,-1162.4980177121304,10.5,10.5,0.0,0.0
w
460.0,103.15336951194362,-1162.4980177121304,10.5,10.5,0.0,0.0
w
450.0,93.15336951194362,-1162.4980177121304,10.5,10.5,0.0,90.0
w
470.0,93.15336951194362,-1162.4980177121304,10.5,10.5,0.0,90.0
w
460.0,83.15336951194362,-1182.4980177121304,10.5,10.5,0.0,0.0
w
460.0,103.15336951194362,-1182.4980177121304,10.5,10.5,0.0,0.0
w
450.0,93.15336951194362,-1182.4980177121304,10.5,10.5,0.0,90.0
w
470.0,93.15336951194362,-1182.4980177121304,10.5,10.5,0.0,90.0
w
460.0,83.15336951194362,-1202.4980177121304,10.5,10.5,0.0,0.0
w
460.0,103.15336951194362,-1202.4980177121304,10.5,10.5,0.0,0.0
w
450.0,93.15336951194362,-1202.4980177121304,10.5,10.5,0.0,90.0
w
470.0,93.15336951194362,-1202.4980177121304,10.5,10.5,0.0,90.0
w
460.0,83.15336951194362,-1222.4980177121304,10.5,10.5,0.0,0.0
w
460.0,103.15336951194362,-1222.4980177121304,10.5,10.5,0.0,0.0
w
450.0,93.15336951194362,-1222.4980177121304,10.5,10.5,0.0,90.0
w
470.0,93.15336951194362,-1222.4980177121304,10.5,10.5,0.0,90.0
w
460.0,83.15336951194362,-1242.4980177121304,10.5,10.5,0.0,0.0
w
460.0,103.15336951194362,-1242.4980177121304,10.5,10.5,0.0,0.0
w
450.0,93.15336951194362,-1242.4980177121304,10.5,10.5,0.0,90.0
w
470.0,93.15336951194362,-1242.4980177121304,10.5,10.5,0.0,90.0
w
460.0,83.15336951194362,-1262.4980177121304,10.5,10.5,0.0,0.0
w
460.0,103.15336951194362,-1262.4980177121304,10.5,10.5,0.0,0.0
w
450.0,93.15336951194362,-1262.4980177121304,10.5,10.5,0.0,90.0
w
470.0,93.15336951194362,-1262.4980177121304,10.5,10.5,0.0,90.0
w
460.0,83.15336951194362,-1282.4980177121304,10.5,10.5,0.0,0.0
w
460.0,103.15336951194362,-1282.4980177121304,10.5,10.5,0.0,0.0
w
450.0,93.15336951194362,-1282.4980177121304,10.5,10.5,0.0,90.0
w
470.0,93.15336951194362,-1282.4980177121304,10.5,10.5,0.0,90.0
w
460.0,83.15336951194362,-1302.4980177121304,10.5,10.5,0.0,0.0
w
460.0,103.15336951194362,-1302.4980177121304,10.5,10.5,0.0,0.0
w
450.0,93.15336951194362,-1302.4980177121304,10.5,10.5,0.0,90.0
w
470.0,93.15336951194362,-1302.4980177121304,10.5,10.5,0.0,90.0
w
460.0,83.15336951194362,-1322.4980177121304,10.5,10.5,0.0,0.0
w
460.0,103.15336951194362,-1322.4980177121304,10.5,10.5,0.0,0.0
w
450.0,93.15336951194362,-1322.4980177121304,10.5,10.5,0.0,90.0
w
470.0,93.15336951194362,-1322.4980177121304,10.5,10.5,0.0,90.0
w
460.0,83.15336951194362,-1342.4980177121304,10.5,10.5,0.0,0.0
w
460.0,103.15336951194362,-1342.4980177121304,10.5,10.5,0.0,0.0
w
450.0,93.15336951194362,-1342.4980177121304,10.5,10.5,0.0,90.0
w
470.0,93.15336951194362,-1342.4980177121304,10.5,10.5,0.0,90.0
w
460.0,83.15336951194362,-1362.4980177121304,10.5,10.5,0.0,0.0
w
460.0,103.15336951194362,-1362.4980177121304,10.5,10.5,0.0,0.0
w
460.0,93.15336951194362,-1372.4980177121304,10.5,10.5,90.0,0.0
w
450.0,93.15336951194362,-1362.4980177121304,10.5,10.5,0.0,90.0
w
480.0,83.15336951194362,-1362.4980177121304,10.5,10.5,0.0,0.0
w
480.0,103.15336951194362,-1362.4980177121304,10.5,10.5,0.0,0.0
w
480.0,93.15336951194362,-1372.4980177121304,10.5,10.5,90.0,0.0
w
480.0,93.15336951194362,-1352.4980177121304,10.5,10.5,90.0,0.0
w
500.0,83.15336951194362,-1362.4980177121304,10.5,10.5,0.0,0.0
w
500.0,103.15336951194362,-1362.4980177121304,10.5,10.5,0.0,0.0
w
500.0,93.15336951194362,-1372.4980177121304,10.5,10.5,90.0,0.0
w
500.0,93.15336951194362,-1352.4980177121304,10.5,10.5,90.0,0.0
w
520.0,83.15336951194362,-1362.4980177121304,10.5,10.5,0.0,0.0
w
520.0,103.15336951194362,-1362.4980177121304,10.5,10.5,0.0,0.0
w
520.0,93.15336951194362,-1372.4980177121304,10.5,10.5,90.0,0.0
w
520.0,93.15336951194362,-1352.4980177121304,10.5,10.5,90.0,0.0
w
540.0,83.15336951194362,-1362.4980177121304,10.5,10.5,0.0,0.0
w
540.0,103.15336951194362,-1362.4980177121304,10.5,10.5,0.0,0.0
w
540.0,93.15336951194362,-1372.4980177121304,10.5,10.5,90.0,0.0
w
540.0,93.15336951194362,-1352.4980177121304,10.5,10.5,90.0,0.0
w
560.0,83.15336951194362,-1362.4980177121304,10.5,10.5,0.0,0.0
w
560.0,103.15336951194362,-1362.4980177121304,10.5,10.5,0.0,0.0
w
560.0,93.15336951194362,-1372.4980177121304,10.5,10.5,90.0,0.0
w
560.0,93.15336951194362,-1352.4980177121304,10.5,10.5,90.0,0.0
w
580.0,83.15336951194362,-1362.4980177121304,10.5,10.5,0.0,0.0
w
580.0,103.15336951194362,-1362.4980177121304,10.5,10.5,0.0,0.0
w
580.0,93.15336951194362,-1352.4980177121304,10.5,10.5,90.0,0.0
w
590.0,93.15336951194362,-1362.4980177121304,10.5,10.5,0.0,90.0
w
580.0,83.15336951194362,-1382.4980177121304,10.5,10.5,0.0,0.0
w
580.0,103.15336951194362,-1382.4980177121304,10.5,10.5,0.0,0.0
w
570.0,93.15336951194362,-1382.4980177121304,10.5,10.5,0.0,90.0
w
590.0,93.15336951194362,-1382.4980177121304,10.5,10.5,0.0,90.0
w
580.0,83.15336951194362,-1402.4980177121304,10.5,10.5,0.0,0.0
w
580.0,103.15336951194362,-1402.4980177121304,10.5,10.5,0.0,0.0
w
570.0,93.15336951194362,-1402.4980177121304,10.5,10.5,0.0,90.0
w
590.0,93.15336951194362,-1402.4980177121304,10.5,10.5,0.0,90.0
w
580.0,83.15336951194362,-1422.4980177121304,10.5,10.5,0.0,0.0
w
580.0,103.15336951194362,-1422.4980177121304,10.5,10.5,0.0,0.0
w
570.0,93.15336951194362,-1422.4980177121304,10.5,10.5,0.0,90.0
w
590.0,93.15336951194362,-1422.4980177121304,10.5,10.5,0.0,90.0
w
580.0,83.15336951194362,-1442.4980177121304,10.5,10.5,0.0,0.0
w
580.0,103.15336951194362,-1442.4980177121304,10.5,10.5,0.0,0.0
w
570.0,93.15336951194362,-1442.4980177121304,10.5,10.5,0.0,90.0
w
590.0,93.15336951194362,-1442.4980177121304,10.5,10.5,0.0,90.0
w
580.0,83.15336951194362,-1462.4980177121304,10.5,10.5,0.0,0.0
w
580.0,103.15336951194362,-1462.4980177121304,10.5,10.5,0.0,0.0
w
570.0,93.15336951194362,-1462.4980177121304,10.5,10.5,0.0,90.0
w
590.0,93.15336951194362,-1462.4980177121304,10.5,10.5,0.0,90.0
w
580.0,83.15336951194362,-1482.4980177121304,10.5,10.5,0.0,0.0
w
580.0,103.15336951194362,-1482.4980177121304,10.5,10.5,0.0,0.0
w
570.0,93.15336951194362,-1482.4980177121304,10.5,10.5,0.0,90.0
w
590.0,93.15336951194362,-1482.4980177121304,10.5,10.5,0.0,90.0
w
580.0,83.15336951194362,-1502.4980177121304,10.5,10.5,0.0,0.0
w
580.0,103.15336951194362,-1502.4980177121304,10.5,10.5,0.0,0.0
w
570.0,93.15336951194362,-1502.4980177121304,10.5,10.5,0.0,90.0
w
590.0,93.15336951194362,-1502.4980177121304,10.5,10.5,0.0,90.0
w
580.0,83.15336951194362,-1522.4980177121304,10.5,10.5,0.0,0.0
w
580.0,103.15336951194362,-1522.4980177121304,10.5,10.5,0.0,0.0
w
570.0,93.15336951194362,-1522.4980177121304,10.5,10.5,0.0,90.0
w
590.0,93.15336951194362,-1522.4980177121304,10.5,10.5,0.0,90.0
w
580.0,83.15336951194362,-1542.4980177121304,10.5,10.5,0.0,0.0
w
580.0,103.15336951194362,-1542.4980177121304,10.5,10.5,0.0,0.0
w
570.0,93.15336951194362,-1542.4980177121304,10.5,10.5,0.0,90.0
w
590.0,93.15336951194362,-1542.4980177121304,10.5,10.5,0.0,90.0
w
580.0,83.15336951194362,-1562.4980177121304,10.5,10.5,0.0,0.0
w
580.0,103.15336951194362,-1562.4980177121304,10.5,10.5,0.0,0.0
w
570.0,93.15336951194362,-1562.4980177121304,10.5,10.5,0.0,90.0
w
590.0,93.15336951194362,-1562.4980177121304,10.5,10.5,0.0,90.0
w
100.0,-100.0,-50.0,5.0,5.0,90.0,0.0
w
100.0,100.0,-50.0,5.0,5.0,90.0,0.0
w
110.0,-90.0,-50.0,5.0,5.0,90.0,0.0
w
110.0,90.0,-50.0,5.0,5.0,90.0,0.0
w
120.0,-80.0,-50.0,5.0,5.0,90.0,0.0
w
120.0,80.0,-50.0,5.0,5.0,90.0,0.0
w
130.0,-70.0,-50.0,5.0,5.0,90.0,0.0
w
130.0,70.0,-50.0,5.0,5.0,90.0,0.0
w
140.0,-60.0,-50.0,5.0,5.0,90.0,0.0
w
140.0,60.0,-50.0,5.0,5.0,90.0,0.0
w
150.0,-50.0,-50.0,5.0,5.0,90.0,0.0
w
150.0,50.0,-50.0,5.0,5.0,90.0,0.0
w
160.0,-40.0,-50.0,5.0,5.0,90.0,0.0
w
160.0,40.0,-50.0,5.0,5.0,90.0,0.0
w
170.0,-30.0,-50.0,5.0,5.0,90.0,0.0
w
170.0,30.0,-50.0,5.0,5.0,90.0,0.0
w
180.0,-20.0,-50.0,5.0,5.0,90.0,0.0
w
180.0,20.0,-50.0,5.0,5.0,90.0,0.0
w
190.0,-10.0,-50.0,5.0,5.0,90.0,0.0
w
190.0,10.0,-50.0,5.0,5.0,90.0,0.0
w
200.0,0.0,-50.0,5.0,5.0,90.0,0.0
w
210.0,-10.0,-50.0,5.0,5.0,90.0,0.0
w
210.0,10.0,-50.0,5.0,5.0,90.0,0.0
w
220.0,-20.0,-50.0,5.0,5.0,90.0,0.0
w
220.0,20.0,-50.0,5.0,5.0,90.0,0.0
w
230.0,-30.0,-50.0,5.0,5.0,90.0,0.0
w
230.0,30.0,-50.0,5.0,5.0,90.0,0.0
w
240.0,-40.0,-50.0,5.0,5.0,90.0,0.0
w
240.0,40.0,-50.0,5.0,5.0,90.0,0.0
w
250.0,-50.0,-50.0,5.0,5.0,90.0,0.0
w
250.0,50.0,-50.0,5.0,5.0,90.0,0.0
w
260.0,-60.0,-50.0,5.0,5.0,90.0,0.0
w
260.0,60.0,-50.0,5.0,5.0,90.0,0.0
w
270.0,-70.0,-50.0,5.0,5.0,90.0,0.0
w
270.0,70.0,-50.0,5.0,5.0,90.0,0.0
w
280.0,-80.0,-50.0,5.0,5.0,90.0,0.0
w
280.0,80.0,-50.0,5.0,5.0,90.0,0.0
w
290.0,-90.0,-50.0,5.0,5.0,90.0,0.0
w
290.0,90.0,-50.0,5.0,5.0,90.0,0.0
w
300.0,-100.0,-50.0,5.0,5.0,90.0,0.0
w
300.0,100.0,-50.0,5.0,5.0,90.0,0.0
